Oktadoku mit Diagonalen
+-----+-----+-----+-----+ 
| 1 2 | 3 4 |     |     | 
|     |     |     |     | 
|     |     |     |     | 
|     |     |     |     | 
+-----+-----+-----+-----+ 
|     |     |     |     | 
|     |     |     |     | 
|     |     |     |     | 
|     |     | 5 6 | 7 8 | 
+-----+-----+-----+-----+ 
Oktadoku mit Diagonalen
+-----+-----+-----+-----+ 
| 1 2 | 3 4 | 6 5 | 8 7 | 
| 3 4 | 1 2 | 7 8 | 5 6 | 
| 5 6 | 7 8 | 1 2 | 3 4 | 
| 7 8 | 6 5 | 3 4 | 1 2 | 
+-----+-----+-----+-----+ 
| 8 7 | 5 6 | 2 1 | 4 3 | 
| 6 5 | 8 7 | 4 3 | 2 1 | 
| 2 1 | 4 3 | 8 7 | 6 5 | 
| 4 3 | 2 1 | 5 6 | 7 8 | 
+-----+-----+-----+-----+ 
