Oktadoku mit Diagonalen
+-----+-----+-----+-----+ 
|     |     |     |     | 
|     |     |     |     | 
|     |     |     |     | 
|     |     |     |     | 
+-----+-----+-----+-----+ 
|     |     |     |     | 
|     |     |     |     | 
|     |     |     |     | 
|     |     |     |     | 
+-----+-----+-----+-----+ 
Oktadoku mit Diagonalen
+-----+-----+-----+-----+ 
| 1 2 | 3 4 | 5 6 | 7 8 | 
| 3 4 | 1 2 | 7 8 | 5 6 | 
| 5 6 | 7 8 | 1 2 | 3 4 | 
| 7 8 | 5 6 | 3 4 | 1 2 | 
+-----+-----+-----+-----+ 
| 2 3 | 4 1 | 8 5 | 6 7 | 
| 8 5 | 6 7 | 2 3 | 4 1 | 
| 6 7 | 8 5 | 4 1 | 2 3 | 
| 4 1 | 2 3 | 6 7 | 8 5 | 
+-----+-----+-----+-----+ 
